0 0
0 0
0 0
0 0
0 0
0 0
0 0
0 0
0 0
0 0
0 0
0 0
0 0
0 0
0 0
0 0
0 0
0 0
5 3
0 0
0 0
0 0
6 3
0 0
6 2
0 0
4 2
0 0
4 2
0 0
0 0
0 0
0 0
0 0
6 4
0 0
6 2
5 3
6 3
0 0
6 2
0 0
0 0
0 0
5 3
4 2
5 2
0 0
5 4
4 3
5 3
3 2
5 3
4 2
5 2
0 0
5 3
4 2
5 2
0 0
5 2
0 0
0 0
0 0
0 0
0 0
6 5
0 0
6 5
5 4
6 4
0 0
6 5
5 4
6 4
4 3
6 4
5 3
6 3
0 0
6 5
5 4
6 4
4 3
6 4
5 3
6 3
3 2
6 4
5 3
6 3
4 2
6 3
5 2
6 2
0 0
6 5
5 4
6 4
4 3
6 4
5 3
6 3
3 2
6 4
5 3
6 3
4 2
6 3
5 2
6 2
0 0
6 4
5 3
6 3
4 2
6 3
5 2
6 2
0 0
6 3
5 2
6 2
0 0
6 2
0 0
0 0
0 0
